subject	block	calibration_no	datapoint	time	x	y	cx	cy	distance	calibration_count
1	1	13	1	52123	885	508	1254	694	413	20
1	1	13	2	52147	885	508	1254	694	413	20
1	1	13	3	52282	1009	391	1254	694	389	20
1	1	13	4	52307	802	538	1254	694	478	20
1	1	13	5	52330	740	497	1254	694	550	20
1	1	13	6	52353	624	382	1254	694	703	20
1	1	13	7	52378	551	621	1254	694	706	20
1	1	13	8	52402	446	696	1254	694	808	20
1	1	13	9	52424	774	648	1254	694	482	20
1	1	13	10	52448	1250	764	1254	694	70	20
1	1	13	11	52470	1213	633	1254	694	73	20
1	1	13	12	52493	1213	349	1254	694	347	20
1	1	13	13	52516	1213	349	1254	694	347	20
1	1	13	14	52540	1213	349	1254	694	347	20
1	1	13	15	52561	1237	400	1254	694	294	20
1	1	13	16	52583	1330	274	1254	694	426	20
1	1	13	17	52605	1178	360	1254	694	342	20
1	1	13	18	52628	1178	360	1254	694	342	20
1	1	13	19	52652	1093	707	1254	694	161	20
1	1	13	20	52676	1262	705	1254	694	13	20
1	1	13	21	52698	1262	705	1254	694	13	20
1	1	13	22	52720	1325	574	1254	694	139	20
1	1	13	23	52742	1219	571	1254	694	127	20
1	1	13	24	52766	1351	520	1254	694	199	20
1	1	13	25	52789	1351	520	1254	694	199	20
1	1	13	26	52811	1209	419	1254	694	278	20
1	1	13	27	52833	1226	536	1254	694	160	20
1	1	13	28	52855	1226	536	1254	694	160	20
1	1	13	29	52877	1112	681	1254	694	142	20
1	1	13	30	52907	1237	663	1254	694	35	19
1	1	13	31	52930	1178	714	1254	694	78	19
1	1	13	32	52952	1158	843	1254	694	177	19
1	1	13	33	52974	1212	970	1254	694	279	19
1	1	13	34	52996	1212	970	1254	694	279	19
1	1	13	35	53019	1161	972	1254	694	293	19
1	1	13	36	53048	1168	769	1254	694	114	18
1	1	13	37	53071	1324	813	1254	694	138	18
1	1	13	38	53093	1324	813	1254	694	138	18
1	1	13	39	53117	1313	840	1254	694	157	18
1	1	13	40	53141	1156	749	1254	694	112	18
1	1	13	41	53165	1266	768	1254	694	74	18
1	1	13	42	53194	1261	737	1254	694	43	17
1	1	13	43	53218	1347	792	1254	694	135	17
1	1	13	44	53240	1217	926	1254	694	234	17
1	1	13	45	53263	1180	817	1254	694	143	17
1	1	13	46	53287	1180	817	1254	694	143	17
1	1	13	47	53311	1306	641	1254	694	74	17
1	1	13	48	53340	1295	695	1254	694	41	16
1	1	13	49	53364	1295	695	1254	694	41	16
1	1	13	50	53387	1266	614	1254	694	80	16
1	1	13	51	53410	1121	542	1254	694	201	16
1	1	13	52	53435	1110	501	1254	694	240	16
1	1	13	53	53458	1079	526	1254	694	242	16
1	1	13	54	53485	1144	508	1254	694	216	15
1	1	13	55	53509	1087	700	1254	694	167	15
1	1	13	56	53533	1163	582	1254	694	144	15
1	1	13	57	53558	1163	582	1254	694	144	15
1	1	13	58	53581	1241	549	1254	694	145	15
1	1	13	59	53603	1164	756	1254	694	109	15
1	1	13	60	53631	1152	655	1254	694	109	14
1	1	13	61	53655	1152	655	1254	694	109	14
1	1	13	62	53678	977	715	1254	694	277	14
1	1	13	63	53702	1013	661	1254	694	243	14
1	1	13	64	53725	1173	650	1254	694	92	14
1	1	13	65	53748	1173	650	1254	694	92	14
1	1	13	66	53776	1081	587	1254	694	203	13
1	1	13	67	53802	1081	587	1254	694	203	13
1	1	13	68	53827	1152	814	1254	694	157	13
1	1	13	69	53852	1183	688	1254	694	71	13
1	1	13	70	53876	1193	798	1254	694	120	13
1	1	13	71	53903	1164	803	1254	694	141	13
1	1	13	72	53940	1164	711	1254	694	91	12
1	1	13	73	53973	1293	578	1254	694	122	12
1	1	13	74	53998	1240	455	1254	694	239	12
1	1	13	75	54021	1240	455	1254	694	239	12
1	1	13	76	54044	1280	540	1254	694	156	12
1	1	13	77	54072	1217	659	1254	694	50	11
1	1	13	78	54095	1213	676	1254	694	44	11
1	1	13	79	54118	1213	676	1254	694	44	11
1	1	13	80	54145	1140	700	1254	694	114	11
1	1	13	81	54166	1140	700	1254	694	114	11
1	1	13	82	54191	1254	812	1254	694	118	11
1	1	13	83	54219	1203	780	1254	694	99	10
1	1	13	84	54244	1107	671	1254	694	148	10
1	1	13	85	54267	1180	787	1254	694	118	10
1	1	13	86	54289	1180	787	1254	694	118	10
1	1	13	87	54311	1175	811	1254	694	141	10
1	1	13	88	54339	1143	705	1254	694	111	9
1	1	13	89	54365	1143	705	1254	694	111	9
1	1	13	90	54389	1161	599	1254	694	132	9
1	1	13	91	54411	1161	599	1254	694	132	9
1	1	13	92	54434	1161	599	1254	694	132	9
1	1	13	93	54457	1161	599	1254	694	132	9
1	1	13	94	54486	1170	632	1254	694	104	8
1	1	13	95	54511	1218	381	1254	694	315	8
1	1	13	96	54533	1187	355	1254	694	345	8
1	1	13	97	54556	1187	355	1254	694	345	8
1	1	13	98	54578	1146	635	1254	694	123	8
1	1	13	99	54607	1177	607	1254	694	116	7
1	1	13	100	54633	1177	607	1254	694	116	7
1	1	13	101	54658	1188	479	1254	694	224	7
1	1	13	102	54680	1170	388	1254	694	317	7
1	1	13	103	54703	1044	364	1254	694	391	7
1	1	13	104	54726	1044	364	1254	694	391	7
1	1	13	105	54756	1164	638	1254	694	106	6
1	1	13	106	54781	1047	540	1254	694	258	6
1	1	13	107	54803	1117	492	1254	694	244	6
1	1	13	108	54825	1139	618	1254	694	137	6
1	1	13	109	54848	1018	670	1254	694	237	6
1	1	13	110	54871	1145	583	1254	694	155	6
1	1	13	111	54901	1202	573	1254	694	131	5
1	1	13	112	54924	1202	573	1254	694	131	5
1	1	13	113	54947	1198	686	1254	694	56	5
1	1	13	114	54970	1198	686	1254	694	56	5
1	1	13	115	54993	1210	606	1254	694	98	5
1	1	13	116	55017	1174	473	1254	694	235	5
1	1	13	117	55047	1191	592	1254	694	119	4
1	1	13	118	55071	1035	687	1254	694	219	4
1	1	13	119	55095	1035	687	1254	694	219	4
1	1	13	120	55118	1169	677	1254	694	86	4
1	1	13	121	55142	1139	524	1254	694	205	4
1	1	13	122	55166	1061	608	1254	694	211	4
1	1	13	123	55195	1082	629	1254	694	183	3
1	1	13	124	55219	1165	457	1254	694	253	3
1	1	13	125	55242	1171	578	1254	694	142	3
1	1	13	126	55267	1254	536	1254	694	158	3
1	1	13	127	55291	1254	536	1254	694	158	3
1	1	13	128	55314	1244	670	1254	694	26	3
1	1	13	129	55343	1223	616	1254	694	83	2
1	1	13	130	55368	1223	616	1254	694	83	2
1	1	13	131	55393	1184	611	1254	694	108	2
1	1	13	132	55418	1171	649	1254	694	94	2
1	1	13	133	55442	1240	751	1254	694	58	2
1	1	13	134	55471	1310	598	1254	694	111	1
1	1	13	135	55494	1310	598	1254	694	111	1
1	1	13	136	55518	1364	715	1254	694	111	1
1	1	13	137	55543	1236	581	1254	694	114	1
1	1	13	138	55568	1273	722	1254	694	33	1
1	1	13	139	55591	1273	722	1254	694	33	1
