subject	block	calibration_no	datapoint	time	x	y	cx	cy	distance	calibration_count
1	5	10	1	13113040	792	1025	1254	262	891	20
1	5	10	2	13113074	687	814	1254	262	791	20
1	5	10	3	13113106	687	814	1254	262	791	20
1	5	10	4	13113140	671	773	1254	262	775	20
1	5	10	5	13113172	510	651	1254	262	839	20
1	5	10	6	13113204	555	895	1254	262	943	20
1	5	10	7	13113237	624	855	1254	262	865	20
1	5	10	8	13113271	696	863	1254	262	820	20
1	5	10	9	13113302	752	1075	1254	262	955	20
1	5	10	10	13113334	951	808	1254	262	624	20
1	5	10	11	13113366	1542	339	1254	262	298	20
1	5	10	12	13113400	1741	356	1254	262	495	20
1	5	10	13	13113431	1342	357	1254	262	129	20
1	5	10	14	13113465	1103	247	1254	262	151	20
1	5	10	15	13113496	1225	544	1254	262	283	20
1	5	10	16	13113527	1002	634	1254	262	449	20
1	5	10	17	13113559	1201	379	1254	262	128	20
1	5	10	18	13113591	1354	113	1254	262	179	20
1	5	10	19	13113622	1316	245	1254	262	64	20
1	5	10	20	13113654	1542	482	1254	262	362	20
1	5	10	21	13113685	1648	433	1254	262	429	20
1	5	10	22	13113717	1753	460	1254	262	536	20
1	5	10	23	13113749	1343	252	1254	262	89	20
1	5	10	24	13113787	1689	-154	1254	262	601	20
1	5	10	25	13113826	1489	16	1254	262	340	19
1	5	10	26	13113861	1544	75	1254	262	345	19
1	5	10	27	13113891	1590	71	1254	262	386	19
1	5	10	28	13113921	1461	-110	1254	262	425	19
1	5	10	29	13113953	1373	-266	1254	262	541	19
1	5	10	30	13113990	1587	121	1254	262	361	18
1	5	10	31	13114021	1467	72	1254	262	285	18
1	5	10	32	13114053	1230	-26	1254	262	288	18
1	5	10	33	13114086	1200	56	1254	262	212	18
1	5	10	34	13114119	1395	261	1254	262	141	18
1	5	10	35	13114155	1511	362	1254	262	275	17
1	5	10	36	13114187	1202	693	1254	262	434	17
1	5	10	37	13114221	636	670	1254	262	740	17
1	5	10	38	13114253	-295	562	1254	262	1577	17
1	5	10	39	13114285	1491	585	1254	262	400	17
1	5	10	40	13114323	1069	741	1254	262	513	16
1	5	10	41	13114355	1279	371	1254	262	111	16
1	5	10	42	13114387	1561	446	1254	262	357	16
1	5	10	43	13114421	1409	345	1254	262	175	16
1	5	10	44	13114454	1100	155	1254	262	187	16
1	5	10	45	13114492	1329	314	1254	262	91	15
1	5	10	46	13114523	1351	285	1254	262	99	15
1	5	10	47	13114557	1393	160	1254	262	172	15
1	5	10	48	13114588	1004	965	1254	262	746	15
1	5	10	49	13114620	1102	842	1254	262	599	15
1	5	10	50	13114656	1386	352	1254	262	159	14
1	5	10	51	13114689	1518	529	1254	262	375	14
1	5	10	52	13114723	1446	342	1254	262	208	14
1	5	10	53	13114756	1399	261	1254	262	145	14
1	5	10	54	13114889	1423	193	1254	262	182	13
1	5	10	55	13114923	1503	300	1254	262	251	13
1	5	10	56	13114956	1016	168	1254	262	255	13
1	5	10	57	13114986	1479	233	1254	262	226	13
1	5	10	58	13115018	1221	292	1254	262	44	13
1	5	10	59	13115056	1111	478	1254	262	259	12
1	5	10	60	13115090	513	243	1254	262	741	12
1	5	10	61	13115125	816	176	1254	262	446	12
1	5	10	62	13115157	1072	482	1254	262	285	12
1	5	10	63	13115196	1002	419	1254	262	296	11
1	5	10	64	13115229	824	424	1254	262	459	11
1	5	10	65	13115263	1068	469	1254	262	278	11
1	5	10	66	13115295	1200	45	1254	262	223	11
1	5	10	67	13115333	940	344	1254	262	324	10
1	5	10	68	13115366	1251	483	1254	262	221	10
1	5	10	69	13115399	1239	355	1254	262	94	10
1	5	10	70	13115431	1409	224	1254	262	159	10
1	5	10	71	13115465	1316	425	1254	262	174	10
1	5	10	72	13115504	1287	289	1254	262	42	9
1	5	10	73	13115538	1221	196	1254	262	73	9
1	5	10	74	13115573	1117	295	1254	262	140	9
1	5	10	75	13115605	947	254	1254	262	307	9
1	5	10	76	13115643	895	234	1254	262	360	8
1	5	10	77	13115675	1015	381	1254	262	266	8
1	5	10	78	13115705	881	438	1254	262	412	8
1	5	10	79	13115735	980	452	1254	262	333	8
1	5	10	80	13115770	959	202	1254	262	301	8
1	5	10	81	13115806	1051	206	1254	262	210	7
1	5	10	82	13115837	1221	139	1254	262	127	7
1	5	10	83	13115870	1221	139	1254	262	127	7
1	5	10	84	13115904	1280	193	1254	262	73	7
1	5	10	85	13115936	1202	257	1254	262	52	7
1	5	10	86	13116073	1451	278	1254	262	197	6
1	5	10	87	13116107	876	527	1254	262	461	6
1	5	10	88	13116149	1169	46	1254	262	232	5
1	5	10	89	13116182	1035	277	1254	262	219	5
1	5	10	90	13116214	1228	557	1254	262	296	5
1	5	10	91	13116246	1401	323	1254	262	159	5
1	5	10	92	13116280	1175	160	1254	262	129	5
1	5	10	93	13116318	1105	412	1254	262	211	4
1	5	10	94	13116352	975	419	1254	262	320	4
1	5	10	95	13116384	832	257	1254	262	422	4
1	5	10	96	13116416	1055	276	1254	262	199	4
1	5	10	97	13116449	1060	309	1254	262	199	4
1	5	10	98	13116490	1196	414	1254	262	162	3
1	5	10	99	13116523	1122	276	1254	262	132	3
1	5	10	100	13116554	959	251	1254	262	295	3
1	5	10	101	13116585	1038	208	1254	262	222	3
1	5	10	102	13116617	1068	114	1254	262	237	3
1	5	10	103	13116653	1098	174	1254	262	179	2
1	5	10	104	13116685	1213	144	1254	262	124	2
1	5	10	105	13116717	1070	166	1254	262	207	2
1	5	10	106	13116748	1274	141	1254	262	122	2
1	5	10	107	13116782	1221	336	1254	262	81	2
1	5	10	108	13116818	1086	167	1254	262	193	1
1	5	10	109	13116851	1213	262	1254	262	41	1
1	5	10	110	13116884	1255	343	1254	262	81	1
1	5	10	111	13116917	1285	302	1254	262	50	1
1	5	10	112	13116948	1074	366	1254	262	207	1
