subject	block	calibration_no	datapoint	time	x	y	cx	cy	distance	calibration_count
1	3	15	1	2912466	1829	677	870	478	979	20
1	3	15	2	2912500	1997	570	870	478	1130	20
1	3	15	3	2912535	2084	764	870	478	1247	20
1	3	15	4	2912566	1940	485	870	478	1070	20
1	3	15	5	2912600	2070	837	870	478	1252	20
1	3	15	6	2912632	2093	744	870	478	1251	20
1	3	15	7	2912665	1926	665	870	478	1072	20
1	3	15	8	2912698	1669	578	870	478	805	20
1	3	15	9	2912731	1496	902	870	478	756	20
1	3	15	10	2912763	937	1008	870	478	534	20
1	3	15	11	2912795	1092	889	870	478	467	20
1	3	15	12	2912826	1638	893	870	478	872	20
1	3	15	13	2912859	1326	600	870	478	472	20
1	3	15	14	2912891	1088	594	870	478	246	20
1	3	15	15	2912922	738	626	870	478	198	20
1	3	15	16	2912954	665	696	870	478	299	20
1	3	15	17	2912986	822	578	870	478	110	20
1	3	15	18	2913019	1129	663	870	478	318	20
1	3	15	19	2913055	1073	477	870	478	203	20
1	3	15	20	2913089	877	802	870	478	324	20
1	3	15	21	2913124	965	756	870	478	293	20
1	3	15	22	2913156	392	940	870	478	664	20
1	3	15	23	2913191	957	693	870	478	231	20
1	3	15	24	2913223	567	794	870	478	437	20
1	3	15	25	2913261	915	400	870	478	90	19
1	3	15	26	2913293	886	460	870	478	24	19
1	3	15	27	2913326	1178	405	870	478	316	19
1	3	15	28	2913359	938	470	870	478	68	19
1	3	15	29	2913395	822	488	870	478	49	19
1	3	15	30	2913435	464	387	870	478	416	18
1	3	15	31	2913467	493	352	870	478	397	18
1	3	15	32	2913500	664	365	870	478	234	18
1	3	15	33	2913534	598	436	870	478	275	18
1	3	15	34	2913568	629	439	870	478	244	18
1	3	15	35	2913606	654	443	870	478	218	17
1	3	15	36	2913639	590	340	870	478	312	17
1	3	15	37	2913670	779	318	870	478	184	17
1	3	15	38	2913703	655	614	870	478	254	17
1	3	15	39	2913740	680	501	870	478	191	17
1	3	15	40	2913779	639	558	870	478	244	16
1	3	15	41	2913813	807	646	870	478	179	16
1	3	15	42	2913848	827	524	870	478	62	16
1	3	15	43	2913879	919	426	870	478	71	16
1	3	15	44	2913917	726	455	870	478	145	15
1	3	15	45	2913951	699	459	870	478	172	15
1	3	15	46	2913983	793	406	870	478	105	15
1	3	15	47	2914013	773	494	870	478	98	15
1	3	15	48	2914047	784	541	870	478	106	15
1	3	15	49	2914084	850	492	870	478	24	14
1	3	15	50	2914115	722	528	870	478	156	14
1	3	15	51	2914146	855	718	870	478	240	14
1	3	15	52	2914179	1060	575	870	478	213	14
1	3	15	53	2914211	1157	536	870	478	292	14
1	3	15	54	2914248	948	603	870	478	147	13
1	3	15	55	2914281	1005	475	870	478	135	13
1	3	15	56	2914315	835	611	870	478	137	13
1	3	15	57	2914349	1021	483	870	478	151	13
1	3	15	58	2914384	666	606	870	478	240	13
1	3	15	59	2914422	608	574	870	478	279	12
1	3	15	60	2914455	749	798	870	478	342	12
1	3	15	61	2914491	918	703	870	478	230	12
1	3	15	62	2914522	1396	812	870	478	623	12
1	3	15	63	2914561	1238	763	870	478	465	11
1	3	15	64	2914593	830	794	870	478	318	11
1	3	15	65	2914624	893	578	870	478	102	11
1	3	15	66	2914656	913	395	870	478	93	11
1	3	15	67	2914690	777	644	870	478	190	11
1	3	15	68	2914727	727	422	870	478	153	10
1	3	15	69	2914759	1178	578	870	478	323	10
1	3	15	70	2914791	976	517	870	478	112	10
1	3	15	71	2914824	978	567	870	478	139	10
1	3	15	72	2914854	1071	695	870	478	295	10
1	3	15	73	2914890	773	544	870	478	117	9
1	3	15	74	2914921	822	622	870	478	151	9
1	3	15	75	2914952	644	644	870	478	280	9
1	3	15	76	2914984	914	518	870	478	59	9
1	3	15	77	2915019	1096	388	870	478	243	9
1	3	15	78	2915058	696	617	870	478	222	8
1	3	15	79	2915091	880	662	870	478	184	8
1	3	15	80	2915126	890	769	870	478	291	8
1	3	15	81	2915158	888	769	870	478	291	8
1	3	15	82	2915197	1034	534	870	478	173	7
1	3	15	83	2915230	960	607	870	478	157	7
1	3	15	84	2915262	1218	533	870	478	352	7
1	3	15	85	2915294	1102	698	870	478	319	7
1	3	15	86	2915330	1144	486	870	478	274	7
1	3	15	87	2915369	1076	406	870	478	218	6
1	3	15	88	2915403	1059	419	870	478	197	6
1	3	15	89	2915436	1106	340	870	478	273	6
1	3	15	90	2915470	1046	542	870	478	187	6
1	3	15	91	2915508	1087	503	870	478	218	5
1	3	15	92	2915541	830	488	870	478	41	5
1	3	15	93	2915574	830	488	870	478	41	5
1	3	15	94	2915605	1086	562	870	478	231	5
1	3	15	95	2915646	905	510	870	478	47	4
1	3	15	96	2915677	902	463	870	478	35	4
1	3	15	97	2915709	719	332	870	478	210	4
1	3	15	98	2915739	648	466	870	478	222	4
1	3	15	99	2915772	912	412	870	478	78	4
1	3	15	100	2915809	829	469	870	478	41	3
1	3	15	101	2915839	651	602	870	478	251	3
1	3	15	102	2915870	920	372	870	478	117	3
1	3	15	103	2915902	729	516	870	478	146	3
1	3	15	104	2915935	905	423	870	478	65	3
1	3	15	105	2915977	905	430	870	478	59	2
1	3	15	106	2916008	873	557	870	478	79	2
1	3	15	107	2916040	873	557	870	478	79	2
1	3	15	108	2916073	921	470	870	478	51	2
1	3	15	109	2916108	879	552	870	478	74	2
1	3	15	110	2916144	874	579	870	478	101	1
1	3	15	111	2916178	865	471	870	478	8	1
1	3	15	112	2916208	534	612	870	478	361	1
1	3	15	113	2916239	662	595	870	478	238	1
1	3	15	114	2916272	706	421	870	478	173	1
