subject	block	calibration_no	datapoint	time	x	y	cx	cy	distance	calibration_count
1	1	18	1	69676	1220	695	1638	910	470	20
1	1	18	2	69704	1319	675	1638	910	396	20
1	1	18	3	69732	1215	567	1638	910	544	20
1	1	18	4	69761	1325	478	1638	910	533	20
1	1	18	5	69788	1370	373	1638	910	600	20
1	1	18	6	69814	1312	471	1638	910	546	20
1	1	18	7	69841	1312	471	1638	910	546	20
1	1	18	8	69868	1333	467	1638	910	537	20
1	1	18	9	69897	1259	459	1638	910	589	20
1	1	18	10	69924	1364	671	1638	910	363	20
1	1	18	11	69950	1364	671	1638	910	363	20
1	1	18	12	69977	1705	515	1638	910	400	20
1	1	18	13	70005	1783	740	1638	910	223	20
1	1	18	14	70033	1894	704	1638	910	328	20
1	1	18	15	70060	1718	579	1638	910	340	20
1	1	18	16	70086	1663	833	1638	910	80	20
1	1	18	17	70115	1663	833	1638	910	80	20
1	1	18	18	70144	1822	726	1638	910	260	20
1	1	18	19	70173	1920	736	1638	910	331	20
1	1	18	20	70201	1818	670	1638	910	300	20
1	1	18	21	70228	1841	677	1638	910	309	20
1	1	18	22	70256	1841	677	1638	910	309	20
1	1	18	23	70283	1918	825	1638	910	292	20
1	1	18	24	70311	1781	751	1638	910	213	20
1	1	18	25	70339	1916	702	1638	910	347	20
1	1	18	26	70367	1823	725	1638	910	261	20
1	1	18	27	70393	1897	555	1638	910	439	20
1	1	18	28	70422	1793	608	1638	910	339	20
1	1	18	29	70453	1741	600	1638	910	326	20
1	1	18	30	70494	1949	856	1638	910	315	19
1	1	18	31	70525	1707	774	1638	910	152	19
1	1	18	32	70559	1801	909	1638	910	163	19
1	1	18	33	70596	1790	781	1638	910	199	19
1	1	18	34	70627	1788	860	1638	910	158	19
1	1	18	35	70660	1851	814	1638	910	233	18
1	1	18	36	70688	1851	814	1638	910	233	18
1	1	18	37	70715	1736	737	1638	910	198	18
1	1	18	38	70744	1851	570	1638	910	401	18
1	1	18	39	70772	1812	645	1638	910	317	18
1	1	18	40	70803	1719	782	1638	910	151	17
1	1	18	41	70831	1733	813	1638	910	135	17
1	1	18	42	70857	1592	749	1638	910	167	17
1	1	18	43	70885	1661	648	1638	910	263	17
1	1	18	44	70914	1826	779	1638	910	229	17
1	1	18	45	70946	1519	658	1638	910	278	16
1	1	18	46	70974	1519	658	1638	910	278	16
1	1	18	47	71000	1633	938	1638	910	28	16
1	1	18	48	71029	1635	868	1638	910	42	16
1	1	18	49	71056	1635	868	1638	910	42	16
1	1	18	50	71088	1646	833	1638	910	77	15
1	1	18	51	71116	1456	802	1638	910	211	15
1	1	18	52	71142	1625	947	1638	910	39	15
1	1	18	53	71170	1707	774	1638	910	152	15
1	1	18	54	71199	1571	652	1638	910	266	15
1	1	18	55	71230	1663	817	1638	910	96	14
1	1	18	56	71259	1609	916	1638	910	29	14
1	1	18	57	71287	1633	738	1638	910	172	14
1	1	18	58	71317	1604	724	1638	910	189	14
1	1	18	59	71345	1604	724	1638	910	189	14
1	1	18	60	71378	1647	793	1638	910	117	13
1	1	18	61	71407	1647	793	1638	910	117	13
1	1	18	62	71434	1640	1053	1638	910	143	13
1	1	18	63	71463	1681	719	1638	910	195	13
1	1	18	64	71491	1562	843	1638	910	101	13
1	1	18	65	71525	1730	917	1638	910	92	12
1	1	18	66	71554	1730	917	1638	910	92	12
1	1	18	67	71581	1764	724	1638	910	224	12
1	1	18	68	71611	1576	878	1638	910	69	12
1	1	18	69	71639	1777	972	1638	910	152	12
1	1	18	70	71672	1604	887	1638	910	41	11
1	1	18	71	71700	1665	676	1638	910	235	11
1	1	18	72	71727	1561	916	1638	910	77	11
1	1	18	73	71756	1751	850	1638	910	127	11
1	1	18	74	71784	1600	872	1638	910	53	11
1	1	18	75	71816	1615	886	1638	910	33	10
1	1	18	76	71844	1552	889	1638	910	88	10
1	1	18	77	71872	1677	846	1638	910	74	10
1	1	18	78	71901	1623	955	1638	910	47	10
1	1	18	79	71929	1694	904	1638	910	56	10
1	1	18	80	71962	1671	860	1638	910	59	9
1	1	18	81	71992	1718	921	1638	910	80	9
1	1	18	82	72021	1651	992	1638	910	83	9
1	1	18	83	72049	1651	992	1638	910	83	9
1	1	18	84	72078	1778	874	1638	910	144	9
1	1	18	85	72112	1639	858	1638	910	52	8
1	1	18	86	72140	1727	912	1638	910	89	8
1	1	18	87	72167	1692	953	1638	910	69	8
1	1	18	88	72196	1605	975	1638	910	72	8
1	1	18	89	72225	1605	975	1638	910	72	8
1	1	18	90	72258	1638	1056	1638	910	146	7
1	1	18	91	72286	1643	977	1638	910	67	7
1	1	18	92	72313	1695	876	1638	910	66	7
1	1	18	93	72343	1754	982	1638	910	136	7
1	1	18	94	72371	1623	860	1638	910	52	7
1	1	18	95	72407	1633	919	1638	910	10	6
1	1	18	96	72438	1631	833	1638	910	77	6
1	1	18	97	72468	1616	960	1638	910	54	6
1	1	18	98	72497	1661	857	1638	910	57	6
1	1	18	99	72525	1541	881	1638	910	101	6
1	1	18	100	72558	1640	833	1638	910	77	5
1	1	18	101	72586	1565	1132	1638	910	233	5
1	1	18	102	72613	1610	948	1638	910	47	5
1	1	18	103	72642	1795	800	1638	910	191	5
1	1	18	104	72671	1849	954	1638	910	215	5
1	1	18	105	72704	1675	920	1638	910	38	4
1	1	18	106	72732	1835	631	1638	910	341	4
1	1	18	107	72760	1947	650	1638	910	403	4
1	1	18	108	72789	1761	934	1638	910	125	4
1	1	18	109	72818	1706	831	1638	910	104	4
1	1	18	110	72851	1774	717	1638	910	236	3
1	1	18	111	72879	1774	717	1638	910	236	3
1	1	18	112	72906	1727	617	1638	910	306	3
1	1	18	113	72934	1594	646	1638	910	267	3
1	1	18	114	72963	1663	703	1638	910	208	3
1	1	18	115	72996	1641	784	1638	910	126	2
1	1	18	116	73025	1717	907	1638	910	79	2
1	1	18	117	73052	1695	780	1638	910	141	2
1	1	18	118	73080	1712	807	1638	910	126	2
1	1	18	119	73109	1573	865	1638	910	79	2
1	1	18	120	73142	1698	967	1638	910	82	1
1	1	18	121	73170	1647	815	1638	910	95	1
1	1	18	122	73198	1657	847	1638	910	65	1
1	1	18	123	73226	1659	870	1638	910	45	1
1	1	18	124	73255	1871	861	1638	910	238	1
