subject	block	calibration_no	datapoint	time	x	y	cx	cy	distance	calibration_count
1	1	8	1	34744	2149	628	486	262	1702	20
1	1	8	2	34765	2149	628	486	262	1702	20
1	1	8	3	34782	2181	591	486	262	1726	20
1	1	8	4	34798	2181	591	486	262	1726	20
1	1	8	5	34815	2101	747	486	262	1686	20
1	1	8	6	34831	2101	747	486	262	1686	20
1	1	8	7	34849	2091	650	486	262	1651	20
1	1	8	8	34868	1867	700	486	262	1448	20
1	1	8	9	34886	1867	700	486	262	1448	20
1	1	8	10	34902	2193	811	486	262	1793	20
1	1	8	11	34919	2193	811	486	262	1793	20
1	1	8	12	34935	2193	811	486	262	1793	20
1	1	8	13	34954	1939	755	486	262	1534	20
1	1	8	14	34972	1939	755	486	262	1534	20
1	1	8	15	34989	2053	626	486	262	1608	20
1	1	8	16	35005	2053	626	486	262	1608	20
1	1	8	17	35021	2122	836	486	262	1733	20
1	1	8	18	35038	2122	836	486	262	1733	20
1	1	8	19	35056	2091	815	486	262	1697	20
1	1	8	20	35074	2091	815	486	262	1697	20
1	1	8	21	35091	2158	660	486	262	1718	20
1	1	8	22	35108	1716	386	486	262	1236	20
1	1	8	23	35125	1716	386	486	262	1236	20
1	1	8	24	35142	1124	576	486	262	711	20
1	1	8	25	35160	1124	576	486	262	711	20
1	1	8	26	35179	798	412	486	262	346	20
1	1	8	27	35195	1176	399	486	262	703	20
1	1	8	28	35212	1043	444	486	262	585	20
1	1	8	29	35229	1043	444	486	262	585	20
1	1	8	30	35245	933	439	486	262	480	20
1	1	8	31	35263	531	553	486	262	294	20
1	1	8	32	35282	577	552	486	262	303	20
1	1	8	33	35298	620	637	486	262	398	20
1	1	8	34	35315	987	628	486	262	620	20
1	1	8	35	35335	868	481	486	262	440	20
1	1	8	36	35353	905	418	486	262	447	20
1	1	8	37	35371	905	418	486	262	447	20
1	1	8	38	35390	1090	524	486	262	658	20
1	1	8	39	35509	-264	878	486	262	970	20
1	1	8	40	35562	-266	570	486	262	812	20
1	1	8	41	35585	306	568	486	262	355	19
1	1	8	42	35608	634	376	486	262	186	19
1	1	8	43	35625	513	501	486	262	240	19
1	1	8	44	35644	126	667	486	262	541	19
1	1	8	45	35661	126	667	486	262	541	19
1	1	8	46	35682	428	696	486	262	437	19
1	1	8	47	35704	266	263	486	262	220	19
1	1	8	48	35734	273	-863	486	262	1144	18
1	1	8	49	35758	195	-291	486	262	624	18
1	1	8	50	35777	324	-843	486	262	1116	18
1	1	8	51	35793	255	-707	486	262	996	18
1	1	8	52	35810	264	-676	486	262	963	18
1	1	8	53	35830	1177	1382	486	262	1316	18
1	1	8	54	35852	724	375	486	262	263	17
1	1	8	55	35871	724	375	486	262	263	17
1	1	8	56	35888	882	-700	486	262	1040	17
1	1	8	57	35904	700	-953	486	262	1233	17
1	1	8	58	35921	902	-885	486	262	1220	17
1	1	8	59	35938	569	-139	486	262	409	17
1	1	8	60	35954	26	-430	486	262	830	17
1	1	8	61	35977	616	211	486	262	139	16
1	1	8	62	35996	510	218	486	262	50	16
1	1	8	63	36013	459	344	486	262	86	16
1	1	8	64	36030	459	344	486	262	86	16
1	1	8	65	36043	436	426	486	262	171	16
1	1	8	66	36163	701	390	486	262	250	16
1	1	8	67	36181	874	162	486	262	400	16
1	1	8	68	36203	567	462	486	262	215	15
1	1	8	69	36222	793	550	486	262	420	15
1	1	8	70	36239	338	136	486	262	194	15
1	1	8	71	36257	371	281	486	262	116	15
1	1	8	72	36275	325	-26	486	262	329	15
1	1	8	73	36292	552	-64	486	262	332	15
1	1	8	74	36408	257	663	486	262	461	14
1	1	8	75	36427	412	454	486	262	205	14
1	1	8	76	36455	812	677	486	262	527	13
1	1	8	77	36478	515	629	486	262	368	13
1	1	8	78	36496	515	629	486	262	368	13
1	1	8	79	36516	422	713	486	262	455	13
1	1	8	80	36536	422	713	486	262	455	13
1	1	8	81	36557	200	703	486	262	525	13
1	1	8	82	36587	720	-22	486	262	367	12
1	1	8	83	36610	940	-103	486	262	582	12
1	1	8	84	36634	913	-332	486	262	731	12
1	1	8	85	36651	564	61	486	262	215	12
1	1	8	86	36668	564	61	486	262	215	12
1	1	8	87	36685	529	67	486	262	199	12
1	1	8	88	36707	471	275	486	262	19	11
1	1	8	89	36725	424	323	486	262	86	11
1	1	8	90	36744	529	294	486	262	53	11
1	1	8	91	36763	529	294	486	262	53	11
1	1	8	92	36780	674	-114	486	262	420	11
1	1	8	93	36797	674	-114	486	262	420	11
1	1	8	94	36814	734	-8	486	262	366	11
1	1	8	95	36837	497	249	486	262	17	10
1	1	8	96	36857	534	247	486	262	50	10
1	1	8	97	36874	1067	-176	486	262	727	10
1	1	8	98	36891	1067	-176	486	262	727	10
1	1	8	99	36907	1067	-176	486	262	727	10
1	1	8	100	36924	840	-198	486	262	580	10
1	1	8	101	36942	840	-198	486	262	580	10
1	1	8	102	36965	509	251	486	262	25	9
1	1	8	103	36984	728	117	486	262	282	9
1	1	8	104	37001	728	117	486	262	282	9
1	1	8	105	37018	826	99	486	262	377	9
1	1	8	106	37032	826	99	486	262	377	9
1	1	8	107	37155	456	224	486	262	48	9
1	1	8	108	37176	611	229	486	262	129	9
1	1	8	109	37294	758	314	486	262	276	8
1	1	8	110	37322	663	45	486	262	280	7
1	1	8	111	37342	370	-61	486	262	343	7
1	1	8	112	37361	478	138	486	262	124	7
1	1	8	113	37380	573	668	486	262	415	7
1	1	8	114	37398	577	763	486	262	509	7
1	1	8	115	37416	539	563	486	262	305	7
1	1	8	116	37435	539	563	486	262	305	7
1	1	8	117	37459	1091	265	486	262	605	6
1	1	8	118	37479	634	265	486	262	148	6
1	1	8	119	37497	953	224	486	262	468	6
1	1	8	120	37515	405	-48	486	262	320	6
1	1	8	121	37533	361	289	486	262	127	6
1	1	8	122	37553	348	425	486	262	213	6
1	1	8	123	37573	476	280	486	262	20	6
1	1	8	124	37597	484	265	486	262	3	5
1	1	8	125	37616	522	258	486	262	36	5
1	1	8	126	37634	522	258	486	262	36	5
1	1	8	127	37653	429	561	486	262	304	5
1	1	8	128	37673	429	561	486	262	304	5
1	1	8	129	37693	448	274	486	262	39	5
1	1	8	130	37711	448	274	486	262	39	5
1	1	8	131	37736	469	235	486	262	31	4
1	1	8	132	37755	413	256	486	262	73	4
1	1	8	133	37774	413	256	486	262	73	4
1	1	8	134	37794	578	65	486	262	217	4
1	1	8	135	37813	322	206	486	262	173	4
1	1	8	136	37831	322	206	486	262	173	4
1	1	8	137	37849	552	105	486	262	170	4
1	1	8	138	37872	499	230	486	262	34	3
1	1	8	139	37892	274	333	486	262	223	3
1	1	8	140	37912	529	226	486	262	56	3
1	1	8	141	37930	529	226	486	262	56	3
1	1	8	142	37949	922	248	486	262	436	0
