subject	block	calibration_no	datapoint	time	x	y	cx	cy	distance	calibration_count
1	6	8	1	14203669	1441	878	870	910	571	20
1	6	8	2	14203702	1510	924	870	910	640	20
1	6	8	3	14203736	1339	1193	870	910	547	20
1	6	8	4	14203766	1329	948	870	910	460	20
1	6	8	5	14203795	1371	1058	870	910	522	20
1	6	8	6	14203825	1476	1239	870	910	689	20
1	6	8	7	14203856	1340	1117	870	910	513	20
1	6	8	8	14203888	1413	1022	870	910	554	20
1	6	8	9	14203917	1454	1032	870	910	596	20
1	6	8	10	14203947	1405	929	870	910	535	20
1	6	8	11	14203977	1468	944	870	910	598	20
1	6	8	12	14204008	1219	866	870	910	351	20
1	6	8	13	14204037	922	985	870	910	91	20
1	6	8	14	14204067	1036	1229	870	910	359	20
1	6	8	15	14204098	1099	1069	870	910	278	20
1	6	8	16	14204128	1195	1025	870	910	344	20
1	6	8	17	14204158	880	1014	870	910	104	20
1	6	8	18	14204190	923	1066	870	910	164	20
1	6	8	19	14204219	984	1072	870	910	198	20
1	6	8	20	14204250	713	984	870	910	173	20
1	6	8	21	14204280	1051	1029	870	910	216	20
1	6	8	22	14204312	1104	1064	870	910	280	20
1	6	8	23	14204344	754	1194	870	910	306	20
1	6	8	24	14204374	1253	1249	870	910	511	20
1	6	8	25	14204408	1004	1287	870	910	400	20
1	6	8	26	14204447	1319	1020	870	910	462	19
1	6	8	27	14204480	760	1152	870	910	265	19
1	6	8	28	14204511	713	1173	870	910	306	19
1	6	8	29	14204540	539	1163	870	910	416	19
1	6	8	30	14204570	475	1012	870	910	407	19
1	6	8	31	14204606	763	1103	870	910	220	18
1	6	8	32	14204638	739	1146	870	910	269	18
1	6	8	33	14204669	999	939	870	910	132	18
1	6	8	34	14204699	974	999	870	910	136	18
1	6	8	35	14204729	816	979	870	910	87	18
1	6	8	36	14204767	894	876	870	910	41	17
1	6	8	37	14204800	812	1129	870	910	226	17
1	6	8	38	14204830	805	950	870	910	76	17
1	6	8	39	14204859	864	1083	870	910	173	17
1	6	8	40	14204888	882	872	870	910	39	17
1	6	8	41	14204926	898	863	870	910	54	16
1	6	8	42	14205055	705	537	870	910	407	16
1	6	8	43	14205086	731	463	870	910	468	16
1	6	8	44	14205121	895	1087	870	910	178	15
1	6	8	45	14205153	974	1030	870	910	158	15
1	6	8	46	14205185	976	1060	870	910	183	15
1	6	8	47	14205214	1265	683	870	910	455	15
1	6	8	48	14205244	1092	642	870	910	348	15
1	6	8	49	14205281	731	907	870	910	139	14
1	6	8	50	14205313	767	944	870	910	108	14
1	6	8	51	14205343	806	832	870	910	100	14
1	6	8	52	14205374	856	904	870	910	15	14
1	6	8	53	14205404	964	1008	870	910	135	14
1	6	8	54	14205441	361	922	870	910	509	13
1	6	8	55	14205475	427	912	870	910	443	13
1	6	8	56	14205509	284	1017	870	910	595	13
1	6	8	57	14205539	414	1154	870	910	517	13
1	6	8	58	14205582	489	1113	870	910	431	12
1	6	8	59	14205620	489	1113	870	910	431	12
1	6	8	60	14205663	816	1205	870	910	299	12
1	6	8	61	14205693	546	1168	870	910	414	12
1	6	8	62	14205729	588	1134	870	910	360	11
1	6	8	63	14205760	811	1238	870	910	333	11
1	6	8	64	14205791	849	1169	870	910	259	11
1	6	8	65	14205823	718	1013	870	910	183	11
1	6	8	66	14205854	678	1016	870	910	219	11
1	6	8	67	14205892	756	1073	870	910	198	10
1	6	8	68	14205925	621	969	870	910	255	10
1	6	8	69	14205958	652	994	870	910	233	10
1	6	8	70	14205990	717	977	870	910	167	10
1	6	8	71	14206021	825	1148	870	910	242	10
1	6	8	72	14206058	1007	867	870	910	143	9
1	6	8	73	14206091	1127	943	870	910	259	9
1	6	8	74	14206123	1127	943	870	910	259	9
1	6	8	75	14206258	1039	298	870	910	634	9
1	6	8	76	14206297	1245	434	870	910	605	8
1	6	8	77	14206330	1447	356	870	910	799	8
1	6	8	78	14206361	1087	456	870	910	503	8
1	6	8	79	14206391	1202	341	870	910	658	8
1	6	8	80	14206421	1341	351	870	910	730	8
1	6	8	81	14206459	1590	37	870	910	1131	7
1	6	8	82	14206490	1760	82	870	910	1215	7
1	6	8	83	14206519	1760	82	870	910	1215	7
1	6	8	84	14206550	1141	340	870	910	631	7
1	6	8	85	14206580	1162	394	870	910	592	7
1	6	8	86	14206617	1148	589	870	910	424	6
1	6	8	87	14206652	798	696	870	910	225	6
1	6	8	88	14206683	686	493	870	910	455	6
1	6	8	89	14206714	994	545	870	910	385	6
1	6	8	90	14206744	902	584	870	910	327	6
1	6	8	91	14206781	1255	606	870	910	490	5
1	6	8	92	14206815	1255	606	870	910	490	5
1	6	8	93	14206844	1373	666	870	910	559	5
1	6	8	94	14206873	1464	292	870	910	857	5
1	6	8	95	14206904	1107	613	870	910	379	5
1	6	8	96	14206941	1082	540	870	910	426	4
1	6	8	97	14206974	1373	362	870	910	743	4
1	6	8	98	14207004	1271	303	870	910	727	4
1	6	8	99	14207034	1291	557	870	910	549	4
1	6	8	100	14207065	1094	859	870	910	229	4
1	6	8	101	14207104	781	627	870	910	296	3
1	6	8	102	14207138	1156	771	870	910	317	3
1	6	8	103	14207168	1491	886	870	910	621	3
1	6	8	104	14207198	1059	835	870	910	203	3
1	6	8	105	14207229	981	883	870	910	114	3
1	6	8	106	14207265	1096	899	870	910	226	2
1	6	8	107	14207297	955	887	870	910	88	2
1	6	8	108	14207327	1096	899	870	910	226	2
1	6	8	109	14207358	1264	833	870	910	401	2
1	6	8	110	14207389	1173	847	870	910	309	2
1	6	8	111	14207428	1073	877	870	910	205	1
1	6	8	112	14207460	1005	818	870	910	163	1
1	6	8	113	14207490	1156	806	870	910	304	1
1	6	8	114	14207519	674	449	870	910	500	1
1	6	8	115	14207548	674	449	870	910	500	1
