subject	block	calibration_no	datapoint	time	x	y	cx	cy	distance	calibration_count
1	4	2	1	3428932	903	871	1638	478	833	20
1	4	2	2	3428968	1039	792	1638	478	676	20
1	4	2	3	3429000	796	896	1638	478	940	20
1	4	2	4	3429033	910	851	1638	478	817	20
1	4	2	5	3429064	915	815	1638	478	797	20
1	4	2	6	3429094	947	890	1638	478	804	20
1	4	2	7	3429126	1101	913	1638	478	691	20
1	4	2	8	3429159	767	624	1638	478	883	20
1	4	2	9	3429192	946	877	1638	478	798	20
1	4	2	10	3429221	1386	739	1638	478	362	20
1	4	2	11	3429252	1370	507	1638	478	269	20
1	4	2	12	3429284	1605	163	1638	478	316	20
1	4	2	13	3429318	1827	623	1638	478	238	20
1	4	2	14	3429350	1655	732	1638	478	254	20
1	4	2	15	3429381	1515	663	1638	478	222	20
1	4	2	16	3429411	1880	687	1638	478	319	20
1	4	2	17	3429441	1607	689	1638	478	213	20
1	4	2	18	3429475	1781	535	1638	478	153	20
1	4	2	19	3429510	1560	569	1638	478	119	20
1	4	2	20	3429541	1628	527	1638	478	50	20
1	4	2	21	3429573	1459	659	1638	478	254	20
1	4	2	22	3429605	1704	697	1638	478	228	20
1	4	2	23	3429638	1486	765	1638	478	324	20
1	4	2	24	3429670	1713	789	1638	478	319	20
1	4	2	25	3429701	1543	747	1638	478	285	20
1	4	2	26	3429739	1354	721	1638	478	373	19
1	4	2	27	3429774	1938	684	1638	478	363	19
1	4	2	28	3429806	1366	577	1638	478	289	19
1	4	2	29	3429838	1899	642	1638	478	308	19
1	4	2	30	3429874	1894	577	1638	478	274	18
1	4	2	31	3429906	1415	671	1638	478	294	18
1	4	2	32	3429936	1836	484	1638	478	198	18
1	4	2	33	3429969	1404	605	1638	478	266	18
1	4	2	34	3430002	1831	640	1638	478	251	18
1	4	2	35	3430039	1854	651	1638	478	276	17
1	4	2	36	3430072	1734	556	1638	478	123	17
1	4	2	37	3430105	1942	702	1638	478	377	17
1	4	2	38	3430138	1476	784	1638	478	346	17
1	4	2	39	3430170	1161	785	1638	478	567	17
1	4	2	40	3430208	961	532	1638	478	679	16
1	4	2	41	3430240	690	321	1638	478	960	16
1	4	2	42	3430272	1336	31	1638	478	539	16
1	4	2	43	3430306	1619	343	1638	478	136	16
1	4	2	44	3430337	1371	285	1638	478	329	16
1	4	2	45	3430374	1531	828	1638	478	365	15
1	4	2	46	3430406	1955	669	1638	478	370	15
1	4	2	47	3430439	2237	367	1638	478	609	15
1	4	2	48	3430473	1594	533	1638	478	70	15
1	4	2	49	3430504	1973	725	1638	478	416	15
1	4	2	50	3430541	2095	682	1638	478	500	14
1	4	2	51	3430572	1384	388	1638	478	269	14
1	4	2	52	3430604	1901	360	1638	478	288	14
1	4	2	53	3430636	1302	393	1638	478	346	14
1	4	2	54	3430667	1867	426	1638	478	234	14
1	4	2	55	3430703	1549	396	1638	478	121	13
1	4	2	56	3430736	1341	450	1638	478	298	13
1	4	2	57	3430769	1708	225	1638	478	262	13
1	4	2	58	3430800	1360	302	1638	478	329	13
1	4	2	59	3430831	1662	307	1638	478	172	13
1	4	2	60	3430869	1392	288	1638	478	310	12
1	4	2	61	3430901	1284	439	1638	478	356	12
1	4	2	62	3430935	1258	335	1638	478	406	12
1	4	2	63	3430965	1583	442	1638	478	65	12
1	4	2	64	3430997	1849	204	1638	478	345	12
1	4	2	65	3431034	2069	469	1638	478	431	11
1	4	2	66	3431068	1531	573	1638	478	143	11
1	4	2	67	3431101	1637	350	1638	478	128	11
1	4	2	68	3431133	1494	439	1638	478	149	11
1	4	2	69	3431164	1733	476	1638	478	95	11
1	4	2	70	3431202	1771	502	1638	478	135	10
1	4	2	71	3431235	1432	525	1638	478	211	10
1	4	2	72	3431268	1739	506	1638	478	104	10
1	4	2	73	3431298	1448	457	1638	478	191	10
1	4	2	74	3431330	1712	501	1638	478	77	10
1	4	2	75	3431367	1405	551	1638	478	244	9
1	4	2	76	3431402	1511	561	1638	478	151	9
1	4	2	77	3431433	1491	526	1638	478	154	9
1	4	2	78	3431463	1546	658	1638	478	202	9
1	4	2	79	3431502	1366	624	1638	478	308	8
1	4	2	80	3431536	1368	680	1638	478	337	8
1	4	2	81	3431569	1566	650	1638	478	186	8
1	4	2	82	3431600	1534	616	1638	478	172	8
1	4	2	83	3431631	1417	675	1638	478	296	8
1	4	2	84	3431667	1196	374	1638	478	454	7
1	4	2	85	3431700	1739	414	1638	478	119	7
1	4	2	86	3431732	1370	400	1638	478	279	7
1	4	2	87	3431762	2022	385	1638	478	395	7
1	4	2	88	3431794	1345	342	1638	478	323	7
1	4	2	89	3431830	1344	435	1638	478	297	6
1	4	2	90	3431863	1835	543	1638	478	207	6
1	4	2	91	3431897	1525	570	1638	478	145	6
1	4	2	92	3431927	1818	549	1638	478	193	6
1	4	2	93	3431958	1492	480	1638	478	146	6
1	4	2	94	3431996	1508	471	1638	478	130	5
1	4	2	95	3432030	1948	485	1638	478	310	5
1	4	2	96	3432063	1438	431	1638	478	205	5
1	4	2	97	3432101	1465	471	1638	478	173	5
1	4	2	98	3432150	1801	431	1638	478	169	4
1	4	2	99	3432181	1543	490	1638	478	95	4
1	4	2	100	3432214	1801	431	1638	478	169	4
1	4	2	101	3432250	958	368	1638	478	688	3
1	4	2	102	3432280	562	638	1638	478	1087	3
1	4	2	103	3432310	1036	576	1638	478	609	3
1	4	2	104	3432344	1302	511	1638	478	337	3
1	4	2	105	3432378	1335	443	1638	478	305	3
1	4	2	106	3432417	1826	622	1638	478	236	2
1	4	2	107	3432449	1822	515	1638	478	187	2
1	4	2	108	3432481	1831	410	1638	478	204	2
1	4	2	109	3432514	1865	533	1638	478	233	2
1	4	2	110	3432546	1848	514	1638	478	213	2
1	4	2	111	3432584	2117	397	1638	478	485	1
1	4	2	112	3432616	1870	414	1638	478	240	1
1	4	2	113	3432648	1819	547	1638	478	193	1
1	4	2	114	3432679	1580	401	1638	478	96	1
1	4	2	115	3432708	1754	573	1638	478	149	1
