subject	block	calibration_no	datapoint	time	x	y	cx	cy	distance	calibration_count
1	2	5	1	271941	2080	656	1638	478	476	20
1	2	5	2	271970	2032	592	1638	478	410	20
1	2	5	3	271997	2022	669	1638	478	428	20
1	2	5	4	272025	2022	629	1638	478	412	20
1	2	5	5	272052	2016	712	1638	478	444	20
1	2	5	6	272197	1741	228	1638	478	270	20
1	2	5	7	272225	1376	601	1638	478	289	20
1	2	5	8	272251	1399	124	1638	478	427	20
1	2	5	9	272280	1828	273	1638	478	279	20
1	2	5	10	272308	2021	550	1638	478	389	20
1	2	5	11	272337	1803	606	1638	478	208	20
1	2	5	12	272365	1690	652	1638	478	181	20
1	2	5	13	272394	1690	652	1638	478	181	20
1	2	5	14	272422	1674	635	1638	478	161	20
1	2	5	15	272451	1613	612	1638	478	136	20
1	2	5	16	272480	1613	612	1638	478	136	20
1	2	5	17	272508	1771	565	1638	478	158	20
1	2	5	18	272535	1723	585	1638	478	136	20
1	2	5	19	272564	1695	532	1638	478	78	20
1	2	5	20	272591	1762	571	1638	478	155	20
1	2	5	21	272619	1762	571	1638	478	155	20
1	2	5	22	272648	1743	534	1638	478	119	20
1	2	5	23	272683	1675	573	1638	478	101	20
1	2	5	24	272711	1687	518	1638	478	63	20
1	2	5	25	272743	1712	543	1638	478	98	19
1	2	5	26	272773	1738	571	1638	478	136	19
1	2	5	27	272802	1722	547	1638	478	108	19
1	2	5	28	272830	1633	556	1638	478	78	19
1	2	5	29	272858	1728	580	1638	478	136	19
1	2	5	30	272891	1625	499	1638	478	24	18
1	2	5	31	272923	1610	530	1638	478	59	18
1	2	5	32	272951	1563	590	1638	478	134	18
1	2	5	33	272978	1405	616	1638	478	270	18
1	2	5	34	273005	1633	420	1638	478	58	18
1	2	5	35	273039	1232	209	1638	478	487	17
1	2	5	36	273069	1081	126	1638	478	658	17
1	2	5	37	273096	1606	728	1638	478	252	17
1	2	5	38	273123	2040	541	1638	478	406	17
1	2	5	39	273150	2040	541	1638	478	406	17
1	2	5	40	273184	1689	407	1638	478	87	16
1	2	5	41	273214	1875	543	1638	478	245	16
1	2	5	42	273352	1670	-29	1638	478	508	16
1	2	5	43	273382	2002	49	1638	478	562	16
1	2	5	44	273417	1752	278	1638	478	230	15
1	2	5	45	273447	1467	450	1638	478	173	15
1	2	5	46	273479	1548	394	1638	478	123	15
1	2	5	47	273507	1617	471	1638	478	22	15
1	2	5	48	273542	1649	452	1638	478	28	14
1	2	5	49	273569	1628	473	1638	478	11	14
1	2	5	50	273598	1648	503	1638	478	26	14
1	2	5	51	273625	1742	357	1638	478	159	14
1	2	5	52	273652	1657	382	1638	478	97	14
1	2	5	53	273686	1521	374	1638	478	156	13
1	2	5	54	273715	1498	458	1638	478	141	13
1	2	5	55	273745	1565	531	1638	478	90	13
1	2	5	56	273774	1663	816	1638	478	338	13
1	2	5	57	273809	1274	337	1638	478	390	12
1	2	5	58	273838	1269	536	1638	478	373	12
1	2	5	59	273868	1220	353	1638	478	436	12
1	2	5	60	273899	1527	596	1638	478	162	12
1	2	5	61	273928	1847	500	1638	478	210	12
1	2	5	62	273965	2113	699	1638	478	523	11
1	2	5	63	273993	1839	634	1638	478	254	11
1	2	5	64	274022	1907	665	1638	478	327	11
1	2	5	65	274057	1794	706	1638	478	276	11
1	2	5	66	274089	1693	686	1638	478	215	11
1	2	5	67	274122	1706	570	1638	478	114	10
1	2	5	68	274152	1704	601	1638	478	139	10
1	2	5	69	274180	1704	601	1638	478	139	10
1	2	5	70	274209	1731	578	1638	478	136	10
1	2	5	71	274237	1741	542	1638	478	121	10
1	2	5	72	274270	1650	596	1638	478	118	9
1	2	5	73	274299	1704	539	1638	478	89	9
1	2	5	74	274326	1701	568	1638	478	109	9
1	2	5	75	274459	1780	30	1638	478	469	9
1	2	5	76	274488	1656	25	1638	478	453	9
1	2	5	77	274520	1545	499	1638	478	95	8
1	2	5	78	274549	1468	397	1638	478	188	8
1	2	5	79	274578	1549	349	1638	478	156	8
1	2	5	80	274608	1741	539	1638	478	119	8
1	2	5	81	274636	1754	479	1638	478	116	8
1	2	5	82	274673	1732	504	1638	478	97	7
1	2	5	83	274708	1710	436	1638	478	83	7
1	2	5	84	274746	1689	523	1638	478	68	7
1	2	5	85	274783	1761	499	1638	478	124	7
1	2	5	86	274830	1751	438	1638	478	119	6
1	2	5	87	274859	1811	471	1638	478	173	6
1	2	5	88	274906	1553	322	1638	478	177	6
1	2	5	89	274934	1619	341	1638	478	138	6
1	2	5	90	274967	1617	399	1638	478	81	5
1	2	5	91	274997	1502	404	1638	478	154	5
1	2	5	92	275029	1658	471	1638	478	21	5
1	2	5	93	275061	1647	468	1638	478	13	5
1	2	5	94	275091	1578	569	1638	478	109	5
1	2	5	95	275123	1695	503	1638	478	62	4
1	2	5	96	275152	1695	503	1638	478	62	4
1	2	5	97	275179	1708	363	1638	478	134	4
1	2	5	98	275209	1674	389	1638	478	96	4
1	2	5	99	275240	1614	360	1638	478	120	4
1	2	5	100	275274	1559	330	1638	478	167	3
1	2	5	101	275304	1552	452	1638	478	89	3
1	2	5	102	275332	1559	451	1638	478	83	3
1	2	5	103	275361	1583	395	1638	478	99	3
1	2	5	104	275388	1583	395	1638	478	99	3
1	2	5	105	275422	1743	433	1638	478	114	2
1	2	5	106	275451	1905	434	1638	478	270	2
1	2	5	107	275480	1811	464	1638	478	173	2
1	2	5	108	275632	1676	878	1638	478	401	1
1	2	5	109	275660	1649	545	1638	478	67	1
1	2	5	110	275690	1312	344	1638	478	352	1
1	2	5	111	275719	1830	214	1638	478	326	1
1	2	5	112	275748	1974	141	1638	478	475	1
