subject	block	calibration_no	datapoint	time	x	y	cx	cy	distance	calibration_count
1	4	10	1	3459040	1225	669	1254	1126	457	20
1	4	10	2	3459073	1252	644	1254	1126	482	20
1	4	10	3	3459116	1130	617	1254	1126	523	20
1	4	10	4	3459150	1231	689	1254	1126	437	20
1	4	10	5	3459185	1231	689	1254	1126	437	20
1	4	10	6	3459216	1231	689	1254	1126	437	20
1	4	10	7	3459245	1231	689	1254	1126	437	20
1	4	10	8	3459276	1231	689	1254	1126	437	20
1	4	10	9	3459306	1297	714	1254	1126	414	20
1	4	10	10	3459337	1320	626	1254	1126	504	20
1	4	10	11	3459370	1333	692	1254	1126	441	20
1	4	10	12	3459402	1207	719	1254	1126	409	20
1	4	10	13	3459436	1201	766	1254	1126	363	20
1	4	10	14	3459467	1238	873	1254	1126	253	20
1	4	10	15	3459499	1140	864	1254	1126	285	20
1	4	10	16	3459531	1140	864	1254	1126	285	20
1	4	10	17	3459563	1072	1095	1254	1126	184	20
1	4	10	18	3459596	1248	643	1254	1126	483	20
1	4	10	19	3459630	1083	730	1254	1126	431	20
1	4	10	20	3459664	1040	709	1254	1126	468	20
1	4	10	21	3459696	1084	718	1254	1126	442	20
1	4	10	22	3459728	1084	718	1254	1126	442	20
1	4	10	23	3459762	1084	718	1254	1126	442	20
1	4	10	24	3459794	1126	783	1254	1126	366	20
1	4	10	25	3459832	1152	808	1254	1126	333	19
1	4	10	26	3459865	1152	808	1254	1126	333	19
1	4	10	27	3459896	1152	808	1254	1126	333	19
1	4	10	28	3459927	1158	1040	1254	1126	128	19
1	4	10	29	3459960	1081	1030	1254	1126	197	19
1	4	10	30	3459996	1157	1063	1254	1126	115	18
1	4	10	31	3460027	1156	773	1254	1126	366	18
1	4	10	32	3460058	1098	831	1254	1126	333	18
1	4	10	33	3460090	1105	766	1254	1126	389	18
1	4	10	34	3460123	1095	770	1254	1126	389	18
1	4	10	35	3460161	1207	765	1254	1126	364	17
1	4	10	36	3460193	1113	756	1254	1126	395	17
1	4	10	37	3460225	1149	882	1254	1126	265	17
1	4	10	38	3460259	1080	893	1254	1126	290	17
1	4	10	39	3460293	1080	893	1254	1126	290	17
1	4	10	40	3460331	1162	886	1254	1126	257	16
1	4	10	41	3460363	1193	861	1254	1126	271	16
1	4	10	42	3460396	1258	837	1254	1126	289	16
1	4	10	43	3460430	1197	934	1254	1126	200	16
1	4	10	44	3460461	1304	878	1254	1126	252	16
1	4	10	45	3460500	1258	865	1254	1126	261	15
1	4	10	46	3460533	1334	969	1254	1126	176	15
1	4	10	47	3460567	1061	1022	1254	1126	219	15
1	4	10	48	3460601	1238	922	1254	1126	204	15
1	4	10	49	3460639	1156	971	1254	1126	183	14
1	4	10	50	3460672	1201	903	1254	1126	229	14
1	4	10	51	3460703	1188	981	1254	1126	159	14
1	4	10	52	3460737	1193	867	1254	1126	266	14
1	4	10	53	3460770	1139	991	1254	1126	177	14
1	4	10	54	3460808	1171	1056	1254	1126	108	13
1	4	10	55	3460842	1229	931	1254	1126	196	13
1	4	10	56	3460875	1204	934	1254	1126	198	13
1	4	10	57	3460910	1152	964	1254	1126	191	13
1	4	10	58	3460943	1178	1047	1254	1126	109	13
1	4	10	59	3460981	1188	979	1254	1126	161	12
1	4	10	60	3461015	1248	863	1254	1126	263	12
1	4	10	61	3461049	1243	993	1254	1126	133	12
1	4	10	62	3461083	1168	933	1254	1126	211	12
1	4	10	63	3461122	1164	1048	1254	1126	119	11
1	4	10	64	3461155	1195	991	1254	1126	147	11
1	4	10	65	3461188	1200	1037	1254	1126	104	11
1	4	10	66	3461221	1097	1008	1254	1126	196	11
1	4	10	67	3461254	1199	1063	1254	1126	83	11
1	4	10	68	3461291	1251	1005	1254	1126	121	10
1	4	10	69	3461323	1109	977	1254	1126	207	10
1	4	10	70	3461355	1230	1183	1254	1126	61	10
1	4	10	71	3461388	1151	1208	1254	1126	131	10
1	4	10	72	3461420	1226	1123	1254	1126	28	10
1	4	10	73	3461456	1168	1214	1254	1126	123	9
1	4	10	74	3461488	1134	1154	1254	1126	123	9
1	4	10	75	3461520	1215	1045	1254	1126	89	9
1	4	10	76	3461553	1243	1057	1254	1126	69	9
1	4	10	77	3461586	1223	1148	1254	1126	38	9
1	4	10	78	3461623	1179	1197	1254	1126	103	8
1	4	10	79	3461653	1244	1146	1254	1126	22	8
1	4	10	80	3461685	1184	1144	1254	1126	72	8
1	4	10	81	3461715	1230	1286	1254	1126	161	8
1	4	10	82	3461746	1199	1189	1254	1126	83	8
1	4	10	83	3461784	1221	1227	1254	1126	106	7
1	4	10	84	3461817	1229	1193	1254	1126	71	7
1	4	10	85	3461849	1229	1193	1254	1126	71	7
1	4	10	86	3461884	1229	1193	1254	1126	71	7
1	4	10	87	3461916	1203	1185	1254	1126	77	7
1	4	10	88	3461955	1223	1191	1254	1126	72	6
1	4	10	89	3461987	1208	1145	1254	1126	49	6
1	4	10	90	3462020	1172	1192	1254	1126	105	6
1	4	10	91	3462053	1182	1250	1254	1126	143	6
1	4	10	92	3462090	1250	1202	1254	1126	76	5
1	4	10	93	3462123	1218	1094	1254	1126	48	5
1	4	10	94	3462155	1250	1088	1254	1126	38	5
1	4	10	95	3462189	1137	1052	1254	1126	138	5
1	4	10	96	3462223	1137	1052	1254	1126	138	5
1	4	10	97	3462261	1137	1054	1254	1126	137	4
1	4	10	98	3462294	1168	964	1254	1126	183	4
1	4	10	99	3462327	1286	1023	1254	1126	107	4
1	4	10	100	3462360	1250	1182	1254	1126	56	4
1	4	10	101	3462397	1252	1208	1254	1126	82	3
1	4	10	102	3462428	1252	1208	1254	1126	82	3
1	4	10	103	3462460	1252	1208	1254	1126	82	3
1	4	10	104	3462493	1276	1123	1254	1126	22	3
1	4	10	105	3462528	1265	1061	1254	1126	65	3
1	4	10	106	3462566	1319	1127	1254	1126	65	2
1	4	10	107	3462599	1110	988	1254	1126	199	2
1	4	10	108	3462632	1162	1138	1254	1126	92	2
1	4	10	109	3462663	1162	1138	1254	1126	92	2
1	4	10	110	3462696	1102	1114	1254	1126	152	2
1	4	10	111	3462732	1301	999	1254	1126	135	1
1	4	10	112	3462764	1159	1096	1254	1126	99	1
1	4	10	113	3462794	1223	1146	1254	1126	36	1
1	4	10	114	3462828	1098	1072	1254	1126	165	1
1	4	10	115	3462862	1205	975	1254	1126	158	1
