subject	block	calibration_no	datapoint	time	x	y	cx	cy	distance	calibration_count
1	2	11	1	295315	608	378	1254	1126	988	20
1	2	11	2	295349	538	177	1254	1126	1188	20
1	2	11	3	295379	599	114	1254	1126	1205	20
1	2	11	4	295411	693	269	1254	1126	1024	20
1	2	11	5	295441	755	336	1254	1126	934	20
1	2	11	6	295472	1078	506	1254	1126	644	20
1	2	11	7	295504	1054	804	1254	1126	379	20
1	2	11	8	295537	577	751	1254	1126	773	20
1	2	11	9	295570	759	735	1254	1126	630	20
1	2	11	10	295602	838	840	1254	1126	504	20
1	2	11	11	295635	772	703	1254	1126	641	20
1	2	11	12	295667	634	132	1254	1126	1171	20
1	2	11	13	295698	1085	527	1254	1126	622	20
1	2	11	14	295732	1161	793	1254	1126	345	20
1	2	11	15	295763	1333	1125	1254	1126	79	20
1	2	11	16	295796	1191	984	1254	1126	155	20
1	2	11	17	295828	1197	1066	1254	1126	82	20
1	2	11	18	295860	1074	827	1254	1126	349	20
1	2	11	19	295893	1192	1131	1254	1126	62	20
1	2	11	20	295925	1186	1058	1254	1126	96	20
1	2	11	21	295958	1311	1034	1254	1126	108	20
1	2	11	22	295989	1316	930	1254	1126	205	20
1	2	11	23	296020	1267	780	1254	1126	346	20
1	2	11	24	296054	1246	997	1254	1126	129	20
1	2	11	25	296087	1277	750	1254	1126	376	20
1	2	11	26	296125	1262	832	1254	1126	294	19
1	2	11	27	296156	1272	794	1254	1126	332	19
1	2	11	28	296187	1197	833	1254	1126	298	19
1	2	11	29	296221	1244	983	1254	1126	143	19
1	2	11	30	296258	1229	1009	1254	1126	119	19
1	2	11	31	296301	1329	1082	1254	1126	86	18
1	2	11	32	296337	1329	1082	1254	1126	86	18
1	2	11	33	296484	1450	988	1254	1126	239	18
1	2	11	34	296518	1524	1052	1254	1126	279	18
1	2	11	35	296557	1424	1034	1254	1126	193	17
1	2	11	36	296590	1398	937	1254	1126	237	17
1	2	11	37	296623	1439	954	1254	1126	252	17
1	2	11	38	296657	1436	931	1254	1126	266	17
1	2	11	39	296690	1417	900	1254	1126	278	17
1	2	11	40	296729	1481	1127	1254	1126	227	16
1	2	11	41	296766	1422	1080	1254	1126	174	16
1	2	11	42	296800	1605	1099	1254	1126	352	16
1	2	11	43	296831	1411	906	1254	1126	270	16
1	2	11	44	296870	1339	957	1254	1126	189	15
1	2	11	45	296903	1374	923	1254	1126	235	15
1	2	11	46	296936	1499	1118	1254	1126	245	15
1	2	11	47	296968	1444	1003	1254	1126	226	15
1	2	11	48	297003	1308	1024	1254	1126	115	15
1	2	11	49	297041	1358	1018	1254	1126	149	14
1	2	11	50	297074	1441	929	1254	1126	271	14
1	2	11	51	297105	1364	1117	1254	1126	110	14
1	2	11	52	297138	1292	952	1254	1126	178	14
1	2	11	53	297170	1434	1185	1254	1126	189	14
1	2	11	54	297208	1502	1166	1254	1126	251	13
1	2	11	55	297244	1452	1187	1254	1126	207	13
1	2	11	56	297276	1573	1209	1254	1126	329	13
1	2	11	57	297308	1497	1041	1254	1126	257	13
1	2	11	58	297346	1570	1127	1254	1126	316	12
1	2	11	59	297380	1352	973	1254	1126	181	12
1	2	11	60	297413	1352	973	1254	1126	181	12
1	2	11	61	297446	1368	1048	1254	1126	138	12
1	2	11	62	297478	1368	1048	1254	1126	138	12
1	2	11	63	297517	1265	1094	1254	1126	33	11
1	2	11	64	297551	1384	1172	1254	1126	137	11
1	2	11	65	297584	1187	1153	1254	1126	72	11
1	2	11	66	297619	1314	1288	1254	1126	172	11
1	2	11	67	297658	1262	1214	1254	1126	88	10
1	2	11	68	297692	1232	1098	1254	1126	35	10
1	2	11	69	297725	1392	1258	1254	1126	190	10
1	2	11	70	297759	1307	1007	1254	1126	130	10
1	2	11	71	297798	1250	1063	1254	1126	63	9
1	2	11	72	297830	1236	1119	1254	1126	19	9
1	2	11	73	297861	1218	1018	1254	1126	113	9
1	2	11	74	297893	1280	1004	1254	1126	124	9
1	2	11	75	297925	1170	1135	1254	1126	84	9
1	2	11	76	297964	1324	1035	1254	1126	114	8
1	2	11	77	298000	1404	1110	1254	1126	150	8
1	2	11	78	298031	1389	997	1254	1126	186	8
1	2	11	79	298063	1364	953	1254	1126	205	8
1	2	11	80	298096	1364	1088	1254	1126	116	8
1	2	11	81	298134	1425	1161	1254	1126	174	7
1	2	11	82	298170	1229	1015	1254	1126	113	7
1	2	11	83	298204	1335	1094	1254	1126	87	7
1	2	11	84	298237	1204	1111	1254	1126	52	7
1	2	11	85	298273	1204	1104	1254	1126	54	6
1	2	11	86	298305	1323	1127	1254	1126	69	6
1	2	11	87	298338	1366	1257	1254	1126	172	6
1	2	11	88	298371	1182	1146	1254	1126	74	6
1	2	11	89	298403	1355	1241	1254	1126	153	6
1	2	11	90	298441	1356	1210	1254	1126	132	5
1	2	11	91	298475	1385	1183	1254	1126	142	5
1	2	11	92	298508	1273	1030	1254	1126	97	5
1	2	11	93	298542	1330	1057	1254	1126	102	5
1	2	11	94	298575	1236	1030	1254	1126	97	5
1	2	11	95	298610	1241	982	1254	1126	144	4
1	2	11	96	298643	1267	1054	1254	1126	73	4
1	2	11	97	298676	1170	979	1254	1126	169	4
1	2	11	98	298710	1378	1086	1254	1126	130	4
1	2	11	99	298742	1210	888	1254	1126	242	4
1	2	11	100	298778	1277	1011	1254	1126	117	3
1	2	11	101	298809	1242	1025	1254	1126	101	3
1	2	11	102	298839	1241	1122	1254	1126	13	3
1	2	11	103	298871	1241	1122	1254	1126	13	3
1	2	11	104	298904	1313	1012	1254	1126	128	3
1	2	11	105	298942	1400	987	1254	1126	201	2
1	2	11	106	298975	1350	1129	1254	1126	96	2
1	2	11	107	299008	1171	949	1254	1126	195	2
1	2	11	108	299040	1229	957	1254	1126	170	2
1	2	11	109	299073	1202	931	1254	1126	201	2
1	2	11	110	299109	1148	982	1254	1126	178	1
1	2	11	111	299143	1347	1064	1254	1126	111	1
1	2	11	112	299179	1255	1017	1254	1126	109	1
1	2	11	113	299211	1367	1057	1254	1126	132	1
