subject	block	calibration_no	datapoint	time	x	y	cx	cy	distance	calibration_count
1	5	6	1	13097450	530	534	1254	694	741	20
1	5	6	2	13097488	742	502	1254	694	546	20
1	5	6	3	13097520	305	330	1254	694	1016	20
1	5	6	4	13097551	728	39	1254	694	840	20
1	5	6	5	13097581	441	71	1254	694	1024	20
1	5	6	6	13097613	1070	573	1254	694	220	20
1	5	6	7	13097647	1053	652	1254	694	205	20
1	5	6	8	13097682	508	538	1254	694	762	20
1	5	6	9	13097712	1488	655	1254	694	237	20
1	5	6	10	13097744	1382	703	1254	694	128	20
1	5	6	11	13097773	1425	626	1254	694	184	20
1	5	6	12	13097805	1542	490	1254	694	352	20
1	5	6	13	13097835	1623	457	1254	694	438	20
1	5	6	14	13097865	1670	959	1254	694	493	20
1	5	6	15	13097895	1998	665	1254	694	744	20
1	5	6	16	13097924	1738	668	1254	694	484	20
1	5	6	17	13097956	1738	668	1254	694	484	20
1	5	6	18	13097989	1522	829	1254	694	300	20
1	5	6	19	13098022	1505	648	1254	694	255	20
1	5	6	20	13098057	1733	767	1254	694	484	20
1	5	6	21	13098096	1701	748	1254	694	450	20
1	5	6	22	13098128	1544	884	1254	694	346	20
1	5	6	23	13098159	1495	686	1254	694	241	20
1	5	6	24	13098193	1637	763	1254	694	389	20
1	5	6	25	13098229	1503	940	1254	694	350	19
1	5	6	26	13098261	1331	633	1254	694	98	19
1	5	6	27	13098292	1331	633	1254	694	98	19
1	5	6	28	13098324	1464	759	1254	694	219	19
1	5	6	29	13098363	1419	747	1254	694	173	18
1	5	6	30	13098395	1561	647	1254	694	310	18
1	5	6	31	13098428	1896	761	1254	694	645	18
1	5	6	32	13098462	1240	757	1254	694	64	18
1	5	6	33	13098495	1086	698	1254	694	168	18
1	5	6	34	13098534	1010	553	1254	694	281	17
1	5	6	35	13098567	1744	331	1254	694	609	17
1	5	6	36	13098600	1970	629	1254	694	718	17
1	5	6	37	13098633	1319	201	1254	694	497	17
1	5	6	38	13098670	1351	661	1254	694	102	16
1	5	6	39	13098703	1308	720	1254	694	59	16
1	5	6	40	13098735	956	666	1254	694	299	16
1	5	6	41	13098767	1088	840	1254	694	221	16
1	5	6	42	13098799	1506	979	1254	694	380	16
1	5	6	43	13098835	1523	866	1254	694	319	15
1	5	6	44	13098868	1702	777	1254	694	455	15
1	5	6	45	13098900	1484	550	1254	694	271	15
1	5	6	46	13098933	1885	623	1254	694	634	15
1	5	6	47	13098969	1456	686	1254	694	202	15
1	5	6	48	13099006	1376	687	1254	694	122	14
1	5	6	49	13099039	1594	679	1254	694	340	14
1	5	6	50	13099070	1424	503	1254	694	255	14
1	5	6	51	13099104	1383	533	1254	694	206	14
1	5	6	52	13099137	1297	518	1254	694	181	14
1	5	6	53	13099174	1374	525	1254	694	207	13
1	5	6	54	13099207	1523	557	1254	694	301	13
1	5	6	55	13099241	1497	653	1254	694	246	13
1	5	6	56	13099272	1373	560	1254	694	179	13
1	5	6	57	13099303	1609	515	1254	694	397	13
1	5	6	58	13099340	1404	685	1254	694	150	12
1	5	6	59	13099373	1233	583	1254	694	112	12
1	5	6	60	13099407	1429	531	1254	694	239	12
1	5	6	61	13099441	1228	506	1254	694	189	12
1	5	6	62	13099473	1446	585	1254	694	220	12
1	5	6	63	13099512	1280	628	1254	694	70	11
1	5	6	64	13099545	1364	659	1254	694	115	11
1	5	6	65	13099579	1613	661	1254	694	360	11
1	5	6	66	13099612	1409	695	1254	694	155	11
1	5	6	67	13099650	1362	545	1254	694	184	10
1	5	6	68	13099681	1455	672	1254	694	202	10
1	5	6	69	13099715	1484	681	1254	694	230	10
1	5	6	70	13099749	1482	726	1254	694	230	10
1	5	6	71	13099781	1499	552	1254	694	283	10
1	5	6	72	13099819	1137	428	1254	694	290	9
1	5	6	73	13099852	1646	677	1254	694	392	9
1	5	6	74	13099886	1339	633	1254	694	104	9
1	5	6	75	13099920	1499	650	1254	694	248	9
1	5	6	76	13099958	1746	830	1254	694	510	8
1	5	6	77	13099990	1706	761	1254	694	456	8
1	5	6	78	13100022	1720	839	1254	694	488	8
1	5	6	79	13100056	1706	761	1254	694	456	8
1	5	6	80	13100089	1257	979	1254	694	285	8
1	5	6	81	13100125	1275	970	1254	694	276	7
1	5	6	82	13100155	1498	853	1254	694	291	7
1	5	6	83	13100185	1143	770	1254	694	134	7
1	5	6	84	13100218	1616	939	1254	694	437	7
1	5	6	85	13100249	1198	575	1254	694	131	7
1	5	6	86	13100287	1013	687	1254	694	241	6
1	5	6	87	13100320	1259	660	1254	694	34	6
1	5	6	88	13100351	1245	580	1254	694	114	6
1	5	6	89	13100384	1249	749	1254	694	55	6
1	5	6	90	13100418	1249	749	1254	694	55	6
1	5	6	91	13100456	1238	868	1254	694	174	5
1	5	6	92	13100489	1238	868	1254	694	174	5
1	5	6	93	13100522	1227	786	1254	694	95	5
1	5	6	94	13100555	1238	868	1254	694	174	5
1	5	6	95	13100593	1012	841	1254	694	283	4
1	5	6	96	13100626	1230	742	1254	694	53	4
1	5	6	97	13100657	1084	814	1254	694	208	4
1	5	6	98	13100690	1189	739	1254	694	79	4
1	5	6	99	13100723	1214	647	1254	694	61	4
1	5	6	100	13100761	1163	659	1254	694	97	3
1	5	6	101	13100794	1467	697	1254	694	213	3
1	5	6	102	13100825	1381	731	1254	694	132	3
1	5	6	103	13100858	1349	692	1254	694	95	3
1	5	6	104	13100891	1691	845	1254	694	462	3
1	5	6	105	13100927	1280	840	1254	694	148	2
1	5	6	106	13100959	1343	731	1254	694	96	2
1	5	6	107	13100990	1465	719	1254	694	212	2
1	5	6	108	13101024	1538	756	1254	694	290	2
1	5	6	109	13101057	1427	885	1254	694	257	2
1	5	6	110	13101096	1296	921	1254	694	230	1
1	5	6	111	13101129	1371	872	1254	694	213	1
1	5	6	112	13101162	1273	953	1254	694	259	1
1	5	6	113	13101195	787	592	1254	694	478	1
