subject	block	calibration_no	datapoint	time	x	y	cx	cy	distance	calibration_count
1	5	20	1	13151719	1772	551	2022	262	382	20
1	5	20	2	13151754	1599	463	2022	262	468	20
1	5	20	3	13151788	1733	758	2022	262	574	20
1	5	20	4	13151820	1892	463	2022	262	239	20
1	5	20	5	13151853	1783	397	2022	262	274	20
1	5	20	6	13151885	1583	518	2022	262	508	20
1	5	20	7	13151919	1761	410	2022	262	300	20
1	5	20	8	13151953	1727	514	2022	262	387	20
1	5	20	9	13151985	1986	101	2022	262	164	20
1	5	20	10	13152017	1459	384	2022	262	576	20
1	5	20	11	13152048	2131	118	2022	262	180	20
1	5	20	12	13152081	1491	358	2022	262	539	20
1	5	20	13	13152113	1576	520	2022	262	515	20
1	5	20	14	13152146	1426	485	2022	262	636	20
1	5	20	15	13152178	1498	536	2022	262	591	20
1	5	20	16	13152210	1502	564	2022	262	601	20
1	5	20	17	13152244	1687	556	2022	262	445	20
1	5	20	18	13152276	1442	372	2022	262	590	20
1	5	20	19	13152306	1608	418	2022	262	442	20
1	5	20	20	13152337	1608	418	2022	262	442	20
1	5	20	21	13152371	1375	369	2022	262	655	20
1	5	20	22	13152408	1455	284	2022	262	567	20
1	5	20	23	13152446	1342	358	2022	262	686	20
1	5	20	24	13152479	1480	667	2022	262	676	20
1	5	20	25	13152516	1946	413	2022	262	169	19
1	5	20	26	13152549	1983	461	2022	262	202	19
1	5	20	27	13152581	1016	367	2022	262	1011	19
1	5	20	28	13152614	1557	704	2022	262	641	19
1	5	20	29	13152645	1855	601	2022	262	377	19
1	5	20	30	13152682	1660	266	2022	262	362	18
1	5	20	31	13152715	1622	527	2022	262	479	18
1	5	20	32	13152748	1622	527	2022	262	479	18
1	5	20	33	13152780	1168	338	2022	262	857	18
1	5	20	34	13152809	1493	152	2022	262	540	18
1	5	20	35	13152846	1820	333	2022	262	214	17
1	5	20	36	13152880	1848	237	2022	262	175	17
1	5	20	37	13152911	1931	235	2022	262	94	17
1	5	20	38	13152942	1871	104	2022	262	218	17
1	5	20	39	13152974	1633	265	2022	262	389	17
1	5	20	40	13153012	1775	268	2022	262	247	16
1	5	20	41	13153046	1775	268	2022	262	247	16
1	5	20	42	13153080	1790	401	2022	262	270	16
1	5	20	43	13153112	1790	401	2022	262	270	16
1	5	20	44	13153150	2079	612	2022	262	354	15
1	5	20	45	13153182	1646	679	2022	262	561	15
1	5	20	46	13153215	1584	433	2022	262	470	15
1	5	20	47	13153247	1979	476	2022	262	218	15
1	5	20	48	13153279	1737	491	2022	262	365	15
1	5	20	49	13153316	1985	342	2022	262	88	14
1	5	20	50	13153348	1730	310	2022	262	295	14
1	5	20	51	13153380	1836	324	2022	262	196	14
1	5	20	52	13153413	1900	337	2022	262	143	14
1	5	20	53	13153446	1766	336	2022	262	266	14
1	5	20	54	13153484	1787	317	2022	262	241	13
1	5	20	55	13153518	1687	235	2022	262	336	13
1	5	20	56	13153552	1796	300	2022	262	229	13
1	5	20	57	13153585	1917	149	2022	262	154	13
1	5	20	58	13153624	1851	330	2022	262	184	12
1	5	20	59	13153658	1864	79	2022	262	241	12
1	5	20	60	13153691	2075	225	2022	262	64	12
1	5	20	61	13153724	1681	264	2022	262	341	12
1	5	20	62	13153763	2097	711	2022	262	455	11
1	5	20	63	13153796	808	349	2022	262	1217	11
1	5	20	64	13153828	1464	481	2022	262	599	11
1	5	20	65	13153862	1719	235	2022	262	304	11
1	5	20	66	13153896	1636	557	2022	262	485	11
1	5	20	67	13153934	2030	262	2022	262	8	10
1	5	20	68	13153968	2043	356	2022	262	96	10
1	5	20	69	13153999	1815	604	2022	262	399	10
1	5	20	70	13154032	1579	514	2022	262	509	10
1	5	20	71	13154066	1288	363	2022	262	740	10
1	5	20	72	13154105	1521	462	2022	262	539	9
1	5	20	73	13154138	1282	370	2022	262	747	9
1	5	20	74	13154170	1444	299	2022	262	579	9
1	5	20	75	13154203	2129	160	2022	262	147	9
1	5	20	76	13154235	1834	345	2022	262	205	9
1	5	20	77	13154275	1993	242	2022	262	35	8
1	5	20	78	13154309	1993	242	2022	262	35	8
1	5	20	79	13154343	2001	151	2022	262	112	8
1	5	20	80	13154377	1984	173	2022	262	96	8
1	5	20	81	13154416	1709	177	2022	262	324	7
1	5	20	82	13154449	2035	124	2022	262	138	7
1	5	20	83	13154481	2006	232	2022	262	34	7
1	5	20	84	13154514	2089	96	2022	262	179	7
1	5	20	85	13154546	2281	176	2022	262	272	7
1	5	20	86	13154582	2227	214	2022	262	210	6
1	5	20	87	13154613	2144	246	2022	262	123	6
1	5	20	88	13154642	2015	375	2022	262	113	6
1	5	20	89	13154675	2053	407	2022	262	148	6
1	5	20	90	13154709	2046	175	2022	262	90	6
1	5	20	91	13154747	2080	261	2022	262	58	5
1	5	20	92	13154781	2052	230	2022	262	43	5
1	5	20	93	13154816	2030	272	2022	262	12	5
1	5	20	94	13154850	2199	154	2022	262	207	5
1	5	20	95	13154888	1977	196	2022	262	79	4
1	5	20	96	13154922	2027	325	2022	262	63	4
1	5	20	97	13154954	2232	316	2022	262	216	4
1	5	20	98	13154987	1805	303	2022	262	220	4
1	5	20	99	13155020	2142	141	2022	262	170	4
1	5	20	100	13155059	1918	203	2022	262	119	3
1	5	20	101	13155092	2022	242	2022	262	20	3
1	5	20	102	13155122	2005	337	2022	262	76	3
1	5	20	103	13155155	2080	117	2022	262	156	3
1	5	20	104	13155189	1866	250	2022	262	156	3
1	5	20	105	13155227	1832	337	2022	262	204	2
1	5	20	106	13155259	2050	181	2022	262	85	2
1	5	20	107	13155291	2145	49	2022	262	245	2
1	5	20	108	13155326	2149	102	2022	262	204	2
1	5	20	109	13155358	1925	48	2022	262	234	2
1	5	20	110	13155396	1898	79	2022	262	221	1
1	5	20	111	13155428	1998	184	2022	262	81	1
1	5	20	112	13155461	1872	103	2022	262	218	1
1	5	20	113	13155495	1805	124	2022	262	257	1
1	5	20	114	13155527	1861	109	2022	262	222	1
